intercept_: 171.27460768036642
col1: 1.6616432481999721
col2: 0.16190534103601792
col3: -0.01751806362193594
col4: -0.0029233672269873166
col5: 0.00012514057147889753
col6: 1.7683187561787465e-05
